1395	transitions	0	0.4074624180793762
1395	transitions	1	-0.4771282374858856
1395	transitions	2	-0.0007126202690415084
1395	transitions	3	-3.097212791442871
1395	transitions	4	-2.3483219146728516
1395	transitions	5	-0.9163471460342407
1395	transitions	6	-0.17028602957725525
1395	transitions	7	-0.07525911927223206
1395	transitions	8	-0.029682092368602753
1395	transitions	9	-10000.0
1395	transitions_capu	0	2.053527593612671
1395	transitions_capu	1	1.1873875856399536
1395	transitions_capu	2	2.5182862281799316
1395	transitions_capu	3	-0.053139038383960724
1395	transitions_capu	4	0.010261922143399715
1395	transitions_capu	5	0.17024381458759308
1395	transitions_capu	6	0.72528475522995
1395	transitions_capu	7	0.48711514472961426
1395	transitions_capu	8	-2.0928547382354736
1395	transitions_capu	9	0.093974269926548
1395	embedding2nn.weight	0	0.015682393684983253
1395	embedding2nn.weight	1	0.02759563736617565
1395	embedding2nn.weight	2	-0.009057007730007172
1395	embedding2nn.weight	3	0.02651010826230049
1395	embedding2nn.weight	4	-0.003998292610049248
1395	embedding2nn.weight	5	0.000822167843580246
1395	embedding2nn.weight	6	-0.008731907233595848
1395	embedding2nn.weight	7	0.019509393721818924
1395	embedding2nn.weight	8	-0.013511757366359234
1395	embedding2nn.weight	9	0.030746588483452797
1395	embedding2nn.bias	0	-0.004783536773175001
1395	embedding2nn.bias	1	-0.007107195910066366
1395	embedding2nn.bias	2	-0.027032721787691116
1395	embedding2nn.bias	3	-0.025011276826262474
1395	embedding2nn.bias	4	-0.002190598053857684
1395	embedding2nn.bias	5	0.014214718714356422
1395	embedding2nn.bias	6	-0.012108881026506424
1395	embedding2nn.bias	7	-0.0314461849629879
1395	embedding2nn.bias	8	0.011033042334020138
1395	embedding2nn.bias	9	-0.00014252361143007874
1395	capu_embedding.weight	0	0.008354460820555687
1395	capu_embedding.weight	1	0.027053724974393845
1395	capu_embedding.weight	2	-0.06364548206329346
1395	capu_embedding.weight	3	0.0770338848233223
1395	capu_embedding.weight	4	0.0922258198261261
1395	capu_embedding.weight	5	-0.0662805587053299
1395	capu_embedding.weight	6	0.046291422098875046
1395	capu_embedding.weight	7	-0.08356144279241562
1395	capu_embedding.weight	8	0.09151782840490341
1395	capu_embedding.weight	9	-0.04132211208343506
1395	capu_embed_learn.weight	0	0.021577365696430206
1395	capu_embed_learn.weight	1	0.0017168106278404593
1395	capu_embed_learn.weight	2	-0.005024492274969816
1395	capu_embed_learn.weight	3	0.0038101652171462774
1395	capu_embed_learn.weight	4	-0.009350530803203583
1395	capu_embed_learn.weight	5	-0.00726140383630991
1395	capu_embed_learn.weight	6	-0.018393000587821007
1395	capu_embed_learn.weight	7	-0.01092932466417551
1395	capu_embed_learn.weight	8	-0.001235806499607861
1395	capu_embed_learn.weight	9	0.017618348821997643
1395	capu_embed_learn.bias	0	0.015275556594133377
1395	capu_embed_learn.bias	1	0.007531537674367428
1395	capu_embed_learn.bias	2	0.020740218460559845
1395	capu_embed_learn.bias	3	0.015027680434286594
1395	capu_embed_learn.bias	4	0.00137132138479501
1395	capu_embed_learn.bias	5	-0.015495956875383854
1395	capu_embed_learn.bias	6	-0.01754220575094223
1395	capu_embed_learn.bias	7	0.008715767413377762
1395	capu_embed_learn.bias	8	-0.021454855799674988
1395	capu_embed_learn.bias	9	-0.010100298561155796
1395	rnn.weight_ih_l0	0	0.0026087837759405375
1395	rnn.weight_ih_l0	1	0.00976186990737915
1395	rnn.weight_ih_l0	2	-0.019178932532668114
1395	rnn.weight_ih_l0	3	0.02752118743956089
1395	rnn.weight_ih_l0	4	-0.027779309079051018
1395	rnn.weight_ih_l0	5	-0.03782499209046364
1395	rnn.weight_ih_l0	6	-0.00043186283437535167
1395	rnn.weight_ih_l0	7	0.018930397927761078
1395	rnn.weight_ih_l0	8	0.02726658806204796
1395	rnn.weight_ih_l0	9	0.041910670697689056
1395	rnn.weight_hh_l0	0	-0.009293527342379093
1395	rnn.weight_hh_l0	1	0.0401303768157959
1395	rnn.weight_hh_l0	2	-0.037052497267723083
1395	rnn.weight_hh_l0	3	-0.018474888056516647
1395	rnn.weight_hh_l0	4	0.021733049303293228
1395	rnn.weight_hh_l0	5	-0.03628477454185486
1395	rnn.weight_hh_l0	6	-0.03607388585805893
1395	rnn.weight_hh_l0	7	0.01836470142006874
1395	rnn.weight_hh_l0	8	-0.007931264117360115
1395	rnn.weight_hh_l0	9	-0.009219137020409107
1395	rnn.bias_ih_l0	0	-0.016604473814368248
1395	rnn.bias_ih_l0	1	0.036971841007471085
1395	rnn.bias_ih_l0	2	-0.038685690611600876
1395	rnn.bias_ih_l0	3	-0.012796929106116295
1395	rnn.bias_ih_l0	4	-0.03832022473216057
1395	rnn.bias_ih_l0	5	0.030446115881204605
1395	rnn.bias_ih_l0	6	-0.03435956686735153
1395	rnn.bias_ih_l0	7	0.037222716957330704
1395	rnn.bias_ih_l0	8	0.0353948175907135
1395	rnn.bias_ih_l0	9	-0.023158662021160126
1395	rnn.bias_hh_l0	0	-0.03020777739584446
1395	rnn.bias_hh_l0	1	-0.03373834490776062
1395	rnn.bias_hh_l0	2	-0.02997845970094204
1395	rnn.bias_hh_l0	3	0.009133558720350266
1395	rnn.bias_hh_l0	4	0.041016943752765656
1395	rnn.bias_hh_l0	5	0.00036215840373188257
1395	rnn.bias_hh_l0	6	-0.026775678619742393
1395	rnn.bias_hh_l0	7	-0.0023579555563628674
1395	rnn.bias_hh_l0	8	-0.005672363564372063
1395	rnn.bias_hh_l0	9	0.043127093464136124
1395	rnn.weight_ih_l0_reverse	0	0.011378745548427105
1395	rnn.weight_ih_l0_reverse	1	0.023758532479405403
1395	rnn.weight_ih_l0_reverse	2	-0.019826190546154976
1395	rnn.weight_ih_l0_reverse	3	-0.0024627253878861666
1395	rnn.weight_ih_l0_reverse	4	-0.03589155524969101
1395	rnn.weight_ih_l0_reverse	5	0.011575295589864254
1395	rnn.weight_ih_l0_reverse	6	0.0315198190510273
1395	rnn.weight_ih_l0_reverse	7	0.028989411890506744
1395	rnn.weight_ih_l0_reverse	8	0.030832119286060333
1395	rnn.weight_ih_l0_reverse	9	0.0012424399610608816
1395	rnn.weight_hh_l0_reverse	0	0.016943568363785744
1395	rnn.weight_hh_l0_reverse	1	0.016226356849074364
1395	rnn.weight_hh_l0_reverse	2	0.027550632134079933
1395	rnn.weight_hh_l0_reverse	3	0.03798729181289673
1395	rnn.weight_hh_l0_reverse	4	0.03908921033143997
1395	rnn.weight_hh_l0_reverse	5	-0.029288316145539284
1395	rnn.weight_hh_l0_reverse	6	0.02755792997777462
1395	rnn.weight_hh_l0_reverse	7	0.029314178973436356
1395	rnn.weight_hh_l0_reverse	8	-0.005204677116125822
1395	rnn.weight_hh_l0_reverse	9	-0.0356786847114563
1395	rnn.bias_ih_l0_reverse	0	-0.03491824120283127
1395	rnn.bias_ih_l0_reverse	1	-0.021367086097598076
1395	rnn.bias_ih_l0_reverse	2	-0.012782062403857708
1395	rnn.bias_ih_l0_reverse	3	-0.043909747153520584
1395	rnn.bias_ih_l0_reverse	4	0.025490671396255493
1395	rnn.bias_ih_l0_reverse	5	0.026320841163396835
1395	rnn.bias_ih_l0_reverse	6	0.02701619267463684
1395	rnn.bias_ih_l0_reverse	7	0.04234420135617256
1395	rnn.bias_ih_l0_reverse	8	-0.00813918374478817
1395	rnn.bias_ih_l0_reverse	9	-0.021625952795147896
1395	rnn.bias_hh_l0_reverse	0	-0.0019001044565811753
1395	rnn.bias_hh_l0_reverse	1	0.016067493706941605
1395	rnn.bias_hh_l0_reverse	2	-0.0038124157581478357
1395	rnn.bias_hh_l0_reverse	3	-0.03936104103922844
1395	rnn.bias_hh_l0_reverse	4	-0.035814058035612106
1395	rnn.bias_hh_l0_reverse	5	0.03998333215713501
1395	rnn.bias_hh_l0_reverse	6	-0.03315948694944382
1395	rnn.bias_hh_l0_reverse	7	-0.03766753152012825
1395	rnn.bias_hh_l0_reverse	8	-0.03178125619888306
1395	rnn.bias_hh_l0_reverse	9	-0.0003903590841218829
1395	rnn.weight_ih_l1	0	-0.026611968874931335
1395	rnn.weight_ih_l1	1	-0.0310817863792181
1395	rnn.weight_ih_l1	2	0.026452302932739258
1395	rnn.weight_ih_l1	3	0.0047439271584153175
1395	rnn.weight_ih_l1	4	0.02436079829931259
1395	rnn.weight_ih_l1	5	0.03087422251701355
1395	rnn.weight_ih_l1	6	-0.030844539403915405
1395	rnn.weight_ih_l1	7	-0.04163726046681404
1395	rnn.weight_ih_l1	8	-0.01730380393564701
1395	rnn.weight_ih_l1	9	0.02263977937400341
1395	rnn.weight_hh_l1	0	-0.02122705988585949
1395	rnn.weight_hh_l1	1	0.023605268448591232
1395	rnn.weight_hh_l1	2	-0.005116404965519905
1395	rnn.weight_hh_l1	3	-0.0433959886431694
1395	rnn.weight_hh_l1	4	-0.02604612521827221
1395	rnn.weight_hh_l1	5	-0.039226677268743515
1395	rnn.weight_hh_l1	6	-0.020638734102249146
1395	rnn.weight_hh_l1	7	-0.03463725000619888
1395	rnn.weight_hh_l1	8	0.01611834019422531
1395	rnn.weight_hh_l1	9	0.01981467194855213
1395	rnn.bias_ih_l1	0	0.02015429362654686
1395	rnn.bias_ih_l1	1	-0.015415860339999199
1395	rnn.bias_ih_l1	2	-0.030875593423843384
1395	rnn.bias_ih_l1	3	0.04065053537487984
1395	rnn.bias_ih_l1	4	-0.008388392627239227
1395	rnn.bias_ih_l1	5	0.03433137387037277
1395	rnn.bias_ih_l1	6	0.02373410016298294
1395	rnn.bias_ih_l1	7	-0.04061443731188774
1395	rnn.bias_ih_l1	8	-0.04273080825805664
1395	rnn.bias_ih_l1	9	-0.022356105968356133
1395	rnn.bias_hh_l1	0	0.04499861225485802
1395	rnn.bias_hh_l1	1	0.018210727721452713
1395	rnn.bias_hh_l1	2	0.02913060411810875
1395	rnn.bias_hh_l1	3	0.028828393667936325
1395	rnn.bias_hh_l1	4	-0.036857809871435165
1395	rnn.bias_hh_l1	5	-0.023081976920366287
1395	rnn.bias_hh_l1	6	-0.007636167109012604
1395	rnn.bias_hh_l1	7	0.00014112048665992916
1395	rnn.bias_hh_l1	8	0.007667613215744495
1395	rnn.bias_hh_l1	9	0.01918341964483261
1395	rnn.weight_ih_l1_reverse	0	0.02183888480067253
1395	rnn.weight_ih_l1_reverse	1	-0.018972989171743393
1395	rnn.weight_ih_l1_reverse	2	-0.029857829213142395
1395	rnn.weight_ih_l1_reverse	3	-0.015182968229055405
1395	rnn.weight_ih_l1_reverse	4	-0.0035140831023454666
1395	rnn.weight_ih_l1_reverse	5	0.038579076528549194
1395	rnn.weight_ih_l1_reverse	6	-0.028004588559269905
1395	rnn.weight_ih_l1_reverse	7	0.03751249983906746
1395	rnn.weight_ih_l1_reverse	8	-0.03197682648897171
1395	rnn.weight_ih_l1_reverse	9	-0.04029993712902069
1395	rnn.weight_hh_l1_reverse	0	-0.022068433463573456
1395	rnn.weight_hh_l1_reverse	1	-0.0054979040287435055
1395	rnn.weight_hh_l1_reverse	2	-0.03899461030960083
1395	rnn.weight_hh_l1_reverse	3	-0.028403257951140404
1395	rnn.weight_hh_l1_reverse	4	0.0055590905249118805
1395	rnn.weight_hh_l1_reverse	5	0.042470261454582214
1395	rnn.weight_hh_l1_reverse	6	0.02316521480679512
1395	rnn.weight_hh_l1_reverse	7	0.04259108752012253
1395	rnn.weight_hh_l1_reverse	8	0.03206257149577141
1395	rnn.weight_hh_l1_reverse	9	0.016212189570069313
1395	rnn.bias_ih_l1_reverse	0	0.010341877117753029
1395	rnn.bias_ih_l1_reverse	1	-0.002186967059969902
1395	rnn.bias_ih_l1_reverse	2	-0.02891603857278824
1395	rnn.bias_ih_l1_reverse	3	0.02163706161081791
1395	rnn.bias_ih_l1_reverse	4	-0.0259342473000288
1395	rnn.bias_ih_l1_reverse	5	-0.03266260400414467
1395	rnn.bias_ih_l1_reverse	6	-0.024534935131669044
1395	rnn.bias_ih_l1_reverse	7	-0.01994999498128891
1395	rnn.bias_ih_l1_reverse	8	0.0018274385947734118
1395	rnn.bias_ih_l1_reverse	9	-0.03392405062913895
1395	rnn.bias_hh_l1_reverse	0	-0.030463673174381256
1395	rnn.bias_hh_l1_reverse	1	0.03611988574266434
1395	rnn.bias_hh_l1_reverse	2	0.016461122781038284
1395	rnn.bias_hh_l1_reverse	3	0.00997366663068533
1395	rnn.bias_hh_l1_reverse	4	0.026111237704753876
1395	rnn.bias_hh_l1_reverse	5	0.03721661865711212
1395	rnn.bias_hh_l1_reverse	6	-0.007014468777924776
1395	rnn.bias_hh_l1_reverse	7	-0.006003578659147024
1395	rnn.bias_hh_l1_reverse	8	0.020861271768808365
1395	rnn.bias_hh_l1_reverse	9	-0.0013436033623293042
1395	rnn.weight_ih_l2	0	-0.014776603318750858
1395	rnn.weight_ih_l2	1	0.0072369142435491085
1395	rnn.weight_ih_l2	2	-0.015993114560842514
1395	rnn.weight_ih_l2	3	0.010646604001522064
1395	rnn.weight_ih_l2	4	-0.020802181214094162
1395	rnn.weight_ih_l2	5	-0.0021589184179902077
1395	rnn.weight_ih_l2	6	0.018360089510679245
1395	rnn.weight_ih_l2	7	0.021642109379172325
1395	rnn.weight_ih_l2	8	-0.01739008165895939
1395	rnn.weight_ih_l2	9	-0.018256014212965965
1395	rnn.weight_hh_l2	0	-0.0029303550254553556
1395	rnn.weight_hh_l2	1	0.029457608237862587
1395	rnn.weight_hh_l2	2	-0.04174577444791794
1395	rnn.weight_hh_l2	3	0.02902103029191494
1395	rnn.weight_hh_l2	4	-0.002523602917790413
1395	rnn.weight_hh_l2	5	0.029113788157701492
1395	rnn.weight_hh_l2	6	-0.02187366783618927
1395	rnn.weight_hh_l2	7	0.03966134041547775
1395	rnn.weight_hh_l2	8	0.042700864374637604
1395	rnn.weight_hh_l2	9	0.01609235629439354
1395	rnn.bias_ih_l2	0	-0.011164425872266293
1395	rnn.bias_ih_l2	1	-0.04333220422267914
1395	rnn.bias_ih_l2	2	-0.011139492504298687
1395	rnn.bias_ih_l2	3	0.023162534460425377
1395	rnn.bias_ih_l2	4	0.02471235580742359
1395	rnn.bias_ih_l2	5	0.031240634620189667
1395	rnn.bias_ih_l2	6	0.034134864807128906
1395	rnn.bias_ih_l2	7	-0.02995181642472744
1395	rnn.bias_ih_l2	8	0.000319974118610844
1395	rnn.bias_ih_l2	9	0.0012513138353824615
1395	rnn.bias_hh_l2	0	0.01408844068646431
1395	rnn.bias_hh_l2	1	-0.023252593353390694
1395	rnn.bias_hh_l2	2	0.0065539525821805
1395	rnn.bias_hh_l2	3	0.021809963509440422
1395	rnn.bias_hh_l2	4	0.009167064912617207
1395	rnn.bias_hh_l2	5	-0.012447294779121876
1395	rnn.bias_hh_l2	6	0.032351262867450714
1395	rnn.bias_hh_l2	7	-0.012279053218662739
1395	rnn.bias_hh_l2	8	0.006765326950699091
1395	rnn.bias_hh_l2	9	0.02142087183892727
1395	rnn.weight_ih_l2_reverse	0	-0.0419374443590641
1395	rnn.weight_ih_l2_reverse	1	0.010967222042381763
1395	rnn.weight_ih_l2_reverse	2	0.036424681544303894
1395	rnn.weight_ih_l2_reverse	3	0.02003088779747486
1395	rnn.weight_ih_l2_reverse	4	-0.0029899219516664743
1395	rnn.weight_ih_l2_reverse	5	-0.04159238561987877
1395	rnn.weight_ih_l2_reverse	6	-0.009891727939248085
1395	rnn.weight_ih_l2_reverse	7	-0.007704177871346474
1395	rnn.weight_ih_l2_reverse	8	0.02446725219488144
1395	rnn.weight_ih_l2_reverse	9	-0.0012405405286699533
1395	rnn.weight_hh_l2_reverse	0	-0.02779414877295494
1395	rnn.weight_hh_l2_reverse	1	-0.038486748933792114
1395	rnn.weight_hh_l2_reverse	2	0.01700405590236187
1395	rnn.weight_hh_l2_reverse	3	0.017091814428567886
1395	rnn.weight_hh_l2_reverse	4	-0.0020787061657756567
1395	rnn.weight_hh_l2_reverse	5	0.03425772860646248
1395	rnn.weight_hh_l2_reverse	6	-0.01645801030099392
1395	rnn.weight_hh_l2_reverse	7	0.0002966492611449212
1395	rnn.weight_hh_l2_reverse	8	0.005747615825384855
1395	rnn.weight_hh_l2_reverse	9	0.01711885817348957
1395	rnn.bias_ih_l2_reverse	0	-0.029755378141999245
1395	rnn.bias_ih_l2_reverse	1	0.018503688275814056
1395	rnn.bias_ih_l2_reverse	2	0.041293736547231674
1395	rnn.bias_ih_l2_reverse	3	0.01073779258877039
1395	rnn.bias_ih_l2_reverse	4	-0.04391692206263542
1395	rnn.bias_ih_l2_reverse	5	-0.006485078949481249
1395	rnn.bias_ih_l2_reverse	6	0.034530047327280045
1395	rnn.bias_ih_l2_reverse	7	0.0036601906176656485
1395	rnn.bias_ih_l2_reverse	8	0.04273257777094841
1395	rnn.bias_ih_l2_reverse	9	0.008781706914305687
1395	rnn.bias_hh_l2_reverse	0	-0.022395571693778038
1395	rnn.bias_hh_l2_reverse	1	-0.02712862566113472
1395	rnn.bias_hh_l2_reverse	2	-0.023675089702010155
1395	rnn.bias_hh_l2_reverse	3	0.03687930107116699
1395	rnn.bias_hh_l2_reverse	4	-0.010564114898443222
1395	rnn.bias_hh_l2_reverse	5	0.026475025340914726
1395	rnn.bias_hh_l2_reverse	6	0.026563651859760284
1395	rnn.bias_hh_l2_reverse	7	-0.009717641398310661
1395	rnn.bias_hh_l2_reverse	8	0.025353191420435905
1395	rnn.bias_hh_l2_reverse	9	-0.0038741924799978733
1395	rnn.weight_ih_l3	0	0.033645160496234894
1395	rnn.weight_ih_l3	1	-0.01958281546831131
1395	rnn.weight_ih_l3	2	0.03508392348885536
1395	rnn.weight_ih_l3	3	-0.01205788180232048
1395	rnn.weight_ih_l3	4	-0.0004616523801814765
1395	rnn.weight_ih_l3	5	0.008866365067660809
1395	rnn.weight_ih_l3	6	-0.014880020171403885
1395	rnn.weight_ih_l3	7	-0.02356216497719288
1395	rnn.weight_ih_l3	8	-0.00860442966222763
1395	rnn.weight_ih_l3	9	-0.03191913291811943
1395	rnn.weight_hh_l3	0	-0.010571234859526157
1395	rnn.weight_hh_l3	1	-0.004479102324694395
1395	rnn.weight_hh_l3	2	-0.03896428272128105
1395	rnn.weight_hh_l3	3	0.0253156591206789
1395	rnn.weight_hh_l3	4	0.03553352132439613
1395	rnn.weight_hh_l3	5	0.005942920222878456
1395	rnn.weight_hh_l3	6	0.012914140708744526
1395	rnn.weight_hh_l3	7	0.008807539939880371
1395	rnn.weight_hh_l3	8	-0.01852199248969555
1395	rnn.weight_hh_l3	9	0.017783481627702713
1395	rnn.bias_ih_l3	0	0.0405171774327755
1395	rnn.bias_ih_l3	1	-0.023380856961011887
1395	rnn.bias_ih_l3	2	0.017649255692958832
1395	rnn.bias_ih_l3	3	-0.01930750533938408
1395	rnn.bias_ih_l3	4	-0.022708360105752945
1395	rnn.bias_ih_l3	5	-0.03871840983629227
1395	rnn.bias_ih_l3	6	0.01782241091132164
1395	rnn.bias_ih_l3	7	-0.0038184134755283594
1395	rnn.bias_ih_l3	8	-0.04245266690850258
1395	rnn.bias_ih_l3	9	-0.016531307250261307
1395	rnn.bias_hh_l3	0	0.003554007736966014
1395	rnn.bias_hh_l3	1	-0.033222705125808716
1395	rnn.bias_hh_l3	2	-0.019296692684292793
1395	rnn.bias_hh_l3	3	0.03285935893654823
1395	rnn.bias_hh_l3	4	0.007595677860081196
1395	rnn.bias_hh_l3	5	-0.02887685038149357
1395	rnn.bias_hh_l3	6	-0.026181945577263832
1395	rnn.bias_hh_l3	7	-0.020726151764392853
1395	rnn.bias_hh_l3	8	-0.03233123570680618
1395	rnn.bias_hh_l3	9	0.03861936181783676
1395	rnn.weight_ih_l3_reverse	0	0.0007283418672159314
1395	rnn.weight_ih_l3_reverse	1	-0.03927568346261978
1395	rnn.weight_ih_l3_reverse	2	-0.03018832765519619
1395	rnn.weight_ih_l3_reverse	3	-0.007448707241564989
1395	rnn.weight_ih_l3_reverse	4	-0.027352239936590195
1395	rnn.weight_ih_l3_reverse	5	-0.024305325001478195
1395	rnn.weight_ih_l3_reverse	6	-0.028421206399798393
1395	rnn.weight_ih_l3_reverse	7	-0.030005116015672684
1395	rnn.weight_ih_l3_reverse	8	-0.030389854684472084
1395	rnn.weight_ih_l3_reverse	9	0.0052636112086474895
1395	rnn.weight_hh_l3_reverse	0	0.00544430548325181
1395	rnn.weight_hh_l3_reverse	1	-0.035255033522844315
1395	rnn.weight_hh_l3_reverse	2	-0.013457291759550571
1395	rnn.weight_hh_l3_reverse	3	0.020749244838953018
1395	rnn.weight_hh_l3_reverse	4	-0.028761083260178566
1395	rnn.weight_hh_l3_reverse	5	0.0006755513604730368
1395	rnn.weight_hh_l3_reverse	6	-0.037884652614593506
1395	rnn.weight_hh_l3_reverse	7	0.023398319259285927
1395	rnn.weight_hh_l3_reverse	8	-0.03655979782342911
1395	rnn.weight_hh_l3_reverse	9	0.008644630201160908
1395	rnn.bias_ih_l3_reverse	0	-0.01271376758813858
1395	rnn.bias_ih_l3_reverse	1	-0.023759521543979645
1395	rnn.bias_ih_l3_reverse	2	0.021336961537599564
1395	rnn.bias_ih_l3_reverse	3	-0.006521265022456646
1395	rnn.bias_ih_l3_reverse	4	-0.03213338553905487
1395	rnn.bias_ih_l3_reverse	5	0.021088814362883568
1395	rnn.bias_ih_l3_reverse	6	0.037517424672842026
1395	rnn.bias_ih_l3_reverse	7	0.005193765740841627
1395	rnn.bias_ih_l3_reverse	8	0.03146684169769287
1395	rnn.bias_ih_l3_reverse	9	0.029629968106746674
1395	rnn.bias_hh_l3_reverse	0	-0.024296028539538383
1395	rnn.bias_hh_l3_reverse	1	-0.01512187346816063
1395	rnn.bias_hh_l3_reverse	2	0.02721819281578064
1395	rnn.bias_hh_l3_reverse	3	0.0076372092589735985
1395	rnn.bias_hh_l3_reverse	4	0.02926376834511757
1395	rnn.bias_hh_l3_reverse	5	-0.028419245034456253
1395	rnn.bias_hh_l3_reverse	6	-0.04087579622864723
1395	rnn.bias_hh_l3_reverse	7	-0.014324629679322243
1395	rnn.bias_hh_l3_reverse	8	0.0194572564214468
1395	rnn.bias_hh_l3_reverse	9	0.004728938918560743
1395	linear.weight	0	-0.011255796998739243
1395	linear.weight	1	-0.007273517083376646
1395	linear.weight	2	-0.004783406853675842
1395	linear.weight	3	-0.02484111301600933
1395	linear.weight	4	-0.03092159517109394
1395	linear.weight	5	-0.02109455317258835
1395	linear.weight	6	0.026554934680461884
1395	linear.weight	7	0.006361972540616989
1395	linear.weight	8	0.012761159799993038
1395	linear.weight	9	0.029295261949300766
1395	linear.bias	0	-0.0010215416550636292
1395	linear.bias	1	0.00872579962015152
1395	linear.bias	2	-0.017012016847729683
1395	linear.bias	3	0.19443941116333008
1395	linear.bias	4	-0.04517485201358795
1395	linear.bias	5	-0.04719115048646927
1395	linear.bias	6	-0.062435250729322433
1395	linear.bias	7	0.00810022372752428
1395	linear.bias	8	-0.03263018652796745
1395	linear.bias	9	-0.01702130027115345
1395	linear_capu.weight	0	-0.007989092729985714
1395	linear_capu.weight	1	0.026399828493595123
1395	linear_capu.weight	2	0.0983610674738884
1395	linear_capu.weight	3	0.03812035173177719
1395	linear_capu.weight	4	0.029030300676822662
1395	linear_capu.weight	5	-0.06690128147602081
1395	linear_capu.weight	6	0.09511671960353851
1395	linear_capu.weight	7	0.085182785987854
1395	linear_capu.weight	8	-0.08687682449817657
1395	linear_capu.weight	9	-0.01686003804206848
1395	linear_capu.bias	0	-0.0016051320126280189
1395	linear_capu.bias	1	-0.001970758195966482
1395	linear_capu.bias	2	0.009257873520255089
1395	linear_capu.bias	3	-0.00018350151367485523
1395	linear_capu.bias	4	-0.0013616111828014255
1395	linear_capu.bias	5	7.430449477396905e-05
1395	linear_capu.bias	6	-0.0005838153301738203
1395	linear_capu.bias	7	0.005419106688350439
1395	linear_capu.bias	8	0.0
1395	linear_capu.bias	9	-0.002186636673286557
